1 1 294 152
11 1 290 150
21 1 288 148
31 1 285 146
41 1 283 143
51 1 280 141
61 1 277 140
71 1 276 138
81 1 272 134
91 1 271 133
101 1 268 131
111 1 264 130
121 1 260 127
131 1 256 125
141 1 253 121
151 1 249 119
161 1 245 116
1 2 406 73
11 2 405 70
21 2 405 68
31 2 405 65
41 2 405 62
51 2 406 59
61 2 406 56
71 2 406 54
81 2 406 52
91 2 405 50
101 2 406 48
111 2 406 45
121 2 405 43
131 2 404 41
141 2 402 39
151 2 400 38
161 2 396 37
1 3 203 187
11 3 204 183
21 3 205 179
31 3 205 175
41 3 205 172
51 3 205 169
61 3 205 165
71 3 206 161
81 3 205 158
91 3 206 154
101 3 205 151
111 3 204 148
121 3 203 144
131 3 202 141
141 3 201 137
151 3 200 135
161 3 198 132
1 4 471 156
11 4 468 153
21 4 466 149
31 4 465 145
41 4 462 142
51 4 461 139
61 4 459 135
71 4 456 131
81 4 454 128
91 4 451 126
101 4 448 123
111 4 446 120
121 4 444 117
131 4 442 114
141 4 439 111
151 4 437 108
161 4 436 105
1 5 212 290
11 5 215 283
21 5 218 278
31 5 220 272
41 5 222 266
51 5 224 261
61 5 225 256
71 5 226 250
81 5 229 245
91 5 229 241
101 5 229 235
111 5 230 231
121 5 229 227
131 5 229 222
141 5 231 218
151 5 232 215
161 5 233 211
1 6 184 265
11 6 184 260
21 6 185 255
31 6 185 251
41 6 187 246
51 6 188 242
61 6 190 237
71 6 191 232
81 6 193 228
91 6 194 223
101 6 195 220
111 6 197 215
121 6 199 211
131 6 201 206
141 6 201 202
151 6 202 198
161 6 202 193
1 7 607 275
11 7 604 269
21 7 600 262
31 7 597 256
41 7 595 251
51 7 590 244
61 7 588 238
71 7 586 234
81 7 583 229
91 7 583 224
101 7 582 227
111 7 586 229
121 7 591 231
131 7 596 234
141 7 601 238
151 7 608 242
161 7 614 243
1 8 165 410
11 8 167 400
21 8 171 391
31 8 174 381
41 8 178 372
51 8 182 363
61 8 184 354
71 8 188 345
81 8 189 337
91 8 193 329
101 8 195 320
111 8 196 312
121 8 199 304
131 8 200 296
141 8 203 289
151 8 204 282
161 8 206 275
1 9 449 203
11 9 449 206
21 9 448 210
31 9 447 213
41 9 446 217
51 9 445 221
61 9 443 224
71 9 443 228
81 9 442 232
91 9 440 235
101 9 439 240
111 9 438 243
121 9 435 246
131 9 434 250
141 9 432 254
151 9 429 257
161 9 427 262
1 10 211 200
11 10 212 195
21 10 214 189
31 10 214 185
41 10 216 180
51 10 217 177
61 10 216 173
71 10 216 169
81 10 217 165
91 10 217 162
101 10 218 158
111 10 218 154
121 10 218 152
131 10 218 148
141 10 217 144
151 10 217 141
161 10 218 138
1 11 389 367
11 11 393 367
21 11 396 357
31 11 399 356
41 11 402 346
51 11 404 338
61 11 407 337
71 11 408 325
81 11 410 325
91 11 415 316
101 11 418 309
111 11 422 305
121 11 426 300
131 11 430 295
141 11 434 291
151 11 436 287
161 11 439 281
1 12 244 106
11 12 241 107
21 12 237 107
31 12 234 103
41 12 232 104
51 12 230 107
61 12 231 108
71 12 232 111
81 12 233 114
91 12 232 118
101 12 229 120
111 12 229 123
121 12 229 126
131 12 228 129
141 12 228 132
151 12 228 134
161 12 226 137
1 13 165 427
11 13 166 417
21 13 170 408
31 13 173 398
41 13 176 390
51 13 181 380
61 13 183 372
71 13 187 362
81 13 189 354
91 13 191 347
101 13 195 339
111 13 195 330
121 13 199 321
131 13 200 314
141 13 202 307
151 13 205 300
161 13 205 293
1 14 410 340
11 14 413 334
21 14 417 330
31 14 422 326
41 14 425 323
51 14 428 320
61 14 432 319
71 14 438 314
81 14 445 312
91 14 453 310
101 14 463 308
111 14 472 307
121 14 481 309
131 14 492 309
141 14 501 309
151 14 510 310
161 14 520 310
1 15 463 184
11 15 469 186
21 15 477 189
31 15 481 192
41 15 477 189
51 15 474 187
61 15 472 183
71 15 468 180
81 15 465 177
91 15 462 173
101 15 459 171
111 15 456 167
121 15 453 163
131 15 450 164
141 15 447 161
151 15 445 158
161 15 443 155
1 16 481 223
11 16 478 218
21 16 477 214
31 16 474 210
41 16 471 205
51 16 469 202
61 16 466 198
71 16 464 194
81 16 461 191
91 16 459 187
101 16 457 183
111 16 454 179
121 16 451 175
131 16 448 172
141 16 447 167
151 16 444 164
161 16 441 161
1 17 339 188
11 17 335 185
21 17 330 182
31 17 327 179
41 17 322 176
51 17 317 174
61 17 312 172
71 17 305 171
81 17 300 168
91 17 296 166
101 17 291 164
111 17 288 161
121 17 284 159
131 17 281 156
141 17 279 153
151 17 276 151
161 17 275 148
1 18 384 381
11 18 387 375
21 18 391 368
31 18 393 363
41 18 396 358
51 18 398 351
61 18 400 346
71 18 402 340
81 18 404 337
91 18 407 333
101 18 411 328
111 18 413 324
121 18 418 321
131 18 421 315
141 18 423 310
151 18 427 307
161 18 428 303
1 19 453 83
11 19 455 85
21 19 456 88
31 19 457 91
41 19 457 94
51 19 458 96
61 19 459 100
71 19 460 103
81 19 462 107
91 19 464 109
101 19 466 114
111 19 467 118
121 19 467 122
131 19 467 126
141 19 468 129
151 19 467 132
161 19 466 133
1 20 429 111
11 20 424 114
21 20 421 118
31 20 418 123
41 20 416 127
51 20 415 131
61 20 419 137
71 20 425 138
81 20 428 140
91 20 428 142
101 20 423 142
111 20 419 144
121 20 415 147
131 20 409 151
141 20 412 151
151 20 416 154
161 20 422 155
1 21 206 151
11 21 205 154
21 21 202 157
31 21 201 160
41 21 199 164
51 21 197 167
61 21 196 170
71 21 194 173
81 21 194 176
91 21 194 178
101 21 193 181
111 21 193 184
121 21 192 186
131 21 190 189
141 21 190 191
151 21 190 194
161 21 189 196
1 22 384 357
11 22 387 351
21 22 391 346
31 22 394 340
41 22 397 336
51 22 399 330
61 22 401 325
71 22 404 319
81 22 406 314
91 22 410 309
101 22 414 303
111 22 418 299
121 22 422 294
131 22 425 289
141 22 429 285
151 22 432 281
161 22 434 278
1 23 431 436
11 23 439 430
21 23 446 422
31 23 456 415
41 23 464 408
51 23 473 401
61 23 482 394
71 23 491 386
81 23 500 381
91 23 509 375
101 23 517 369
111 23 525 363
121 23 533 357
131 23 541 352
141 23 547 348
151 23 553 346
161 23 560 344
1 24 337 98
11 24 336 100
21 24 335 102
31 24 334 105
41 24 333 107
51 24 333 109
61 24 332 111
71 24 331 114
81 24 330 115
91 24 327 117
101 24 325 120
111 24 324 122
121 24 321 124
131 24 319 126
141 24 319 128
151 24 317 130
161 24 316 132
1 25 235 157
11 25 238 164
21 25 238 167
31 25 240 171
41 25 240 176
51 25 241 179
61 25 239 180
71 25 239 182
81 25 239 186
91 25 239 191
101 25 237 195
111 25 234 195
121 25 232 193
131 25 229 192
141 25 226 189
151 25 222 187
161 25 220 186
1 26 210 303
11 26 214 297
21 26 217 291
31 26 218 286
41 26 221 280
51 26 223 275
61 26 224 270
71 26 226 264
81 26 227 259
91 26 228 254
101 26 228 249
111 26 228 245
121 26 228 241
131 26 228 236
141 26 229 233
151 26 231 230
161 26 231 225
1 27 446 402
11 27 456 395
21 27 462 383
31 27 472 377
41 27 479 368
51 27 488 362
61 27 496 355
71 27 504 349
81 27 512 344
91 27 520 338
101 27 529 335
111 27 538 331
121 27 549 333
131 27 559 329
141 27 569 331
151 27 576 328
161 27 575 325
1 28 416 200
11 28 413 195
21 28 410 192
31 28 408 188
41 28 404 185
51 28 403 181
61 28 402 178
71 28 401 176
81 28 399 174
91 28 398 169
101 28 396 166
111 28 395 163
121 28 395 159
131 28 396 158
141 28 401 160
151 28 404 162
161 28 409 164
1 29 548 318
11 29 538 313
21 29 531 307
31 29 524 301
41 29 517 295
51 29 512 288
61 29 506 283
71 29 502 278
81 29 498 272
91 29 493 267
101 29 488 262
111 29 481 257
121 29 475 252
131 29 470 246
141 29 466 242
151 29 464 236
161 29 460 230
1 30 153 348
11 30 156 341
21 30 156 334
31 30 158 327
41 30 158 321
51 30 159 315
61 30 160 308
71 30 161 302
81 30 162 295
91 30 163 289
101 30 165 284
111 30 166 278
121 30 167 273
131 30 168 268
141 30 168 262
151 30 169 256
161 30 170 251
1 31 611 313
11 31 603 309
21 31 597 306
31 31 593 304
41 31 587 296
51 31 583 294
61 31 578 286
71 31 574 279
81 31 571 275
91 31 564 269
101 31 560 266
111 31 556 263
121 31 550 256
131 31 547 251
141 31 544 246
151 31 539 241
161 31 537 235
1 32 321 443
11 32 330 439
21 32 339 433
31 32 347 428
41 32 356 423
51 32 363 417
61 32 371 412
71 32 377 406
81 32 384 400
91 32 391 395
101 32 398 389
111 32 406 385
121 32 414 380
131 32 421 376
141 32 429 371
151 32 437 366
161 32 445 363
1 33 526 260
11 33 529 254
21 33 533 248
31 33 532 244
41 33 532 241
51 33 525 236
61 33 518 233
71 33 512 227
81 33 506 222
91 33 500 217
101 33 493 215
111 33 486 214
121 33 480 210
131 33 474 206
141 33 466 205
151 33 465 207
161 33 467 208
1 34 225 162
11 34 225 167
21 34 225 170
31 34 227 173
41 34 226 178
51 34 229 182
61 34 229 186
71 34 231 189
81 34 233 193
91 34 234 197
101 34 237 200
111 34 239 204
121 34 240 208
131 34 242 212
141 34 242 217
151 34 243 221
161 34 243 226
1 35 412 210
11 35 408 206
21 35 405 202
31 35 402 198
41 35 400 195
51 35 399 192
61 35 398 190
71 35 397 188
81 35 397 185
91 35 397 183
101 35 396 178
111 35 394 176
121 35 393 172
131 35 391 168
141 35 389 165
151 35 388 163
161 35 386 160
1 36 496 335
11 36 494 327
21 36 491 320
31 36 487 312
41 36 485 303
51 36 483 295
61 36 480 288
71 36 479 281
81 36 476 273
91 36 473 266
101 36 471 259
111 36 469 252
121 36 468 246
131 36 465 240
141 36 461 236
151 36 457 232
161 36 453 229
1 37 406 326
11 37 411 323
21 37 415 320
31 37 419 317
41 37 423 313
51 37 426 310
61 37 431 308
71 37 438 305
81 37 447 302
91 37 457 302
101 37 466 301
111 37 477 301
121 37 486 302
131 37 496 302
141 37 506 303
151 37 515 303
161 37 524 303
1 38 220 181
11 38 220 177
21 38 219 174
31 38 219 169
41 38 219 166
51 38 218 162
61 38 218 158
71 38 219 154
81 38 218 150
91 38 219 147
101 38 219 143
111 38 218 139
121 38 219 136
131 38 219 133
141 38 218 129
151 38 220 125
161 38 220 122
1 39 491 345
11 39 489 337
21 39 487 330
31 39 486 323
41 39 484 314
51 39 482 305
61 39 480 297
71 39 478 290
81 39 476 283
91 39 473 276
101 39 472 268
111 39 469 260
121 39 468 253
131 39 465 247
141 39 461 243
151 39 455 238
161 39 448 234
1 40 656 394
11 40 652 388
21 40 647 382
31 40 642 376
41 40 638 370
51 40 632 365
61 40 626 361
71 40 622 358
81 40 618 353
91 40 613 348
101 40 608 344
111 40 604 338
121 40 601 335
131 40 598 329
141 40 595 320
151 40 593 321
161 40 598 317
1 41 551 331
11 41 542 326
21 41 533 321
31 41 527 314
41 41 519 308
51 41 514 302
61 41 509 296
71 41 504 291
81 41 501 285
91 41 496 280
101 41 490 275
111 41 485 270
121 41 479 265
131 41 473 259
141 41 466 255
151 41 460 250
161 41 454 246
1 42 198 323
11 42 199 316
21 42 200 309
31 42 200 303
41 42 201 296
51 42 201 289
61 42 200 282
71 42 201 276
81 42 201 270
91 42 202 264
101 42 202 258
111 42 203 252
121 42 205 246
131 42 205 240
141 42 207 235
151 42 207 230
161 42 209 225
1 43 161 334
11 43 163 327
21 43 164 320
31 43 166 314
41 43 165 308
51 43 166 302
61 43 167 296
71 43 168 290
81 43 170 283
91 43 171 277
101 43 172 272
111 43 173 266
121 43 174 261
131 43 175 256
141 43 175 250
151 43 177 245
161 43 178 241
1 44 485 243
11 44 480 238
21 44 479 235
31 44 477 231
41 44 473 227
51 44 473 223
61 44 470 218
71 44 466 214
81 44 465 210
91 44 462 205
101 44 460 201
111 44 458 198
121 44 455 194
131 44 453 191
141 44 450 187
151 44 447 184
161 44 445 181
1 45 175 276
11 45 175 271
21 45 176 266
31 45 176 261
41 45 179 255
51 45 180 251
61 45 182 245
71 45 184 242
81 45 185 237
91 45 187 233
101 45 188 229
111 45 191 224
121 45 192 221
131 45 194 216
141 45 195 213
151 45 195 209
161 45 196 206
1 46 251 202
11 46 252 197
21 46 251 194
31 46 250 189
41 46 250 185
51 46 248 180
61 46 247 177
71 46 246 173
81 46 243 170
91 46 242 166
101 46 238 162
111 46 235 159
121 46 232 156
131 46 232 153
141 46 235 151
151 46 238 147
161 46 240 144
1 47 344 420
11 47 352 415
21 47 361 410
31 47 369 405
41 47 376 400
51 47 384 395
61 47 390 389
71 47 397 384
81 47 405 378
91 47 414 373
101 47 423 370
111 47 432 366
121 47 441 363
131 47 450 360
141 47 459 356
151 47 468 353
161 47 476 350
1 48 500 393
11 48 507 385
21 48 512 380
31 48 518 374
41 48 523 369
51 48 529 365
61 48 535 361
71 48 542 363
81 48 550 355
91 48 556 353
101 48 563 350
111 48 569 345
121 48 575 342
131 48 580 337
141 48 585 334
151 48 590 331
161 48 595 328
1 49 245 93
11 49 246 94
21 49 243 94
31 49 240 95
41 49 239 98
51 49 239 99
61 49 239 103
71 49 237 105
81 49 235 107
91 49 234 110
101 49 233 111
111 49 232 114
121 49 233 117
131 49 234 120
141 49 234 123
151 49 235 125
161 49 234 126
1 50 242 71
11 50 241 73
21 50 240 76
31 50 239 79
41 50 239 81
51 50 239 84
61 50 239 87
71 50 240 90
81 50 241 93
91 50 244 96
101 50 248 98
111 50 252 101
121 50 257 102
131 50 261 103
141 50 267 106
151 50 272 109
161 50 276 108
1 51 631 336
11 51 624 333
21 51 618 330
31 51 615 325
41 51 608 322
51 51 607 315
61 51 609 309
71 51 614 308
81 51 609 304
91 51 603 300
101 51 596 297
111 51 589 288
121 51 583 284
131 51 577 280
141 51 571 270
151 51 565 267
161 51 559 264
1 52 194 66
11 52 195 68
21 52 195 71
31 52 196 72
41 52 196 75
51 52 197 77
61 52 197 79
71 52 198 82
81 52 198 84
91 52 198 87
101 52 198 89
111 52 199 92
121 52 199 95
131 52 201 97
141 52 201 99
151 52 203 102
161 52 204 105
1 53 150 250
11 53 148 256
21 53 146 261
31 53 145 266
41 53 141 272
51 53 140 278
61 53 138 283
71 53 134 288
81 53 132 295
91 53 130 301
101 53 127 307
111 53 125 313
121 53 121 320
131 53 119 327
141 53 116 332
151 53 112 339
161 53 110 346
1 54 474 168
11 54 472 165
21 54 469 160
31 54 468 157
41 54 465 153
51 54 464 149
61 54 462 146
71 54 459 141
81 54 456 139
91 54 453 136
101 54 450 133
111 54 449 130
121 54 446 126
131 54 444 125
141 54 442 122
151 54 439 119
161 54 438 116
1 55 222 206
11 55 221 202
21 55 221 199
31 55 221 194
41 55 220 191
51 55 222 185
61 55 223 181
71 55 225 176
81 55 226 172
91 55 227 168
101 55 228 163
111 55 229 159
121 55 229 155
131 55 227 152
141 55 225 150
151 55 222 149
161 55 219 150
1 56 203 341
11 56 203 333
21 56 204 327
31 56 205 320
41 56 204 313
51 56 205 304
61 56 203 297
71 56 204 291
81 56 203 285
91 56 204 279
101 56 206 272
111 56 205 265
121 56 208 259
131 56 207 253
141 56 209 249
151 56 210 243
161 56 211 237
1 57 460 106
11 57 458 109
21 57 456 111
31 57 456 114
41 57 455 116
51 57 455 119
61 57 455 120
71 57 457 123
81 57 458 126
91 57 458 130
101 57 459 133
111 57 460 136
121 57 460 141
131 57 461 144
141 57 461 148
151 57 461 151
161 57 461 153
1 58 496 64
11 58 496 67
21 58 495 70
31 58 495 73
41 58 495 76
51 58 496 79
61 58 496 81
71 58 496 85
81 58 496 88
91 58 494 92
101 58 493 95
111 58 491 98
121 58 491 102
131 58 489 105
141 58 490 107
151 58 492 108
161 58 492 110
1 59 659 384
11 59 654 377
21 59 648 371
31 59 644 365
41 59 639 360
51 59 633 354
61 59 628 350
71 59 623 344
81 59 618 339
91 59 613 334
101 59 609 328
111 59 605 322
121 59 601 318
131 59 597 313
141 59 593 306
151 59 589 302
161 59 585 297
1 60 321 454
11 60 330 450
21 60 339 445
31 60 346 440
41 60 356 435
51 60 363 430
61 60 370 424
71 60 377 418
81 60 382 412
91 60 390 408
101 60 397 402
111 60 405 399
121 60 413 393
131 60 418 391
141 60 428 388
151 60 435 383
161 60 443 380
1 61 518 100
11 61 520 103
21 61 522 106
31 61 524 109
41 61 527 113
51 61 529 117
61 61 531 121
71 61 533 125
81 61 535 129
91 61 538 133
101 61 539 137
111 61 542 141
121 61 543 146
131 61 545 149
141 61 547 153
151 61 549 156
161 61 551 160
1 62 517 113
11 62 519 117
21 62 521 120
31 62 523 125
41 62 526 128
51 62 528 133
61 62 530 138
71 62 532 142
81 62 534 147
91 62 536 153
101 62 538 160
111 62 540 164
121 62 542 167
131 62 543 172
141 62 544 177
151 62 546 184
161 62 546 190
1 63 595 171
11 63 592 172
21 63 588 175
31 63 586 176
41 63 581 182
51 63 578 183
61 63 573 185
71 63 569 189
81 63 565 191
91 63 563 191
101 63 566 187
111 63 569 183
121 63 573 180
131 63 576 177
141 63 582 175
151 63 586 173
161 63 594 172
1 64 619 360
11 64 617 362
21 64 613 359
31 64 612 358
41 64 607 353
51 64 605 352
61 64 611 350
71 64 611 345
81 64 607 339
91 64 602 335
101 64 599 330
111 64 595 324
121 64 591 319
131 64 588 315
141 64 585 309
151 64 585 307
161 64 587 309
1 65 450 191
11 65 450 194
21 65 449 198
31 65 447 201
41 65 447 204
51 65 445 208
61 65 444 211
71 65 444 215
81 65 442 219
91 65 440 222
101 65 440 226
111 65 438 230
121 65 435 233
131 65 434 237
141 65 432 240
151 65 428 242
161 65 427 247
1 66 253 227
11 66 253 222
21 66 253 219
31 66 252 214
41 66 251 210
51 66 250 207
61 66 249 203
71 66 249 200
81 66 248 201
91 66 249 206
101 66 251 208
111 66 252 211
121 66 253 215
131 66 256 220
141 66 256 226
151 66 256 231
161 66 257 236
1 67 507 339
11 67 500 330
21 67 498 321
31 67 496 314
41 67 494 306
51 67 492 297
61 67 489 289
71 67 487 283
81 67 484 275
91 67 481 269
101 67 479 261
111 67 475 254
121 67 471 247
131 67 467 241
141 67 464 237
151 67 462 232
161 67 458 227
1 68 659 371
11 68 655 365
21 68 649 359
31 68 644 354
41 68 640 349
51 68 634 344
61 68 630 339
71 68 626 334
81 68 621 327
91 68 616 323
101 68 612 318
111 68 608 312
121 68 604 307
131 68 600 301
141 68 596 297
151 68 592 292
161 68 588 289
1 69 204 72
11 69 203 70
21 69 200 69
31 69 199 70
41 69 200 73
51 69 201 75
61 69 201 77
71 69 201 79
81 69 201 81
91 69 201 84
101 69 202 86
111 69 202 88
121 69 202 91
131 69 204 94
141 69 205 96
151 69 206 98
161 69 207 101
1 70 529 300
11 70 520 297
21 70 510 293
31 70 507 289
41 70 500 287
51 70 492 281
61 70 489 277
71 70 484 273
81 70 476 267
91 70 472 261
101 70 468 258
111 70 460 253
121 70 457 249
131 70 452 247
141 70 444 242
151 70 440 238
161 70 437 235
1 71 493 358
11 71 493 350
21 71 490 344
31 71 490 329
41 71 486 323
51 71 484 315
61 71 481 306
71 71 478 300
81 71 477 290
91 71 474 286
101 71 470 276
111 71 469 273
121 71 468 265
131 71 462 260
141 71 457 256
151 71 452 252
161 71 444 248
1 72 483 233
11 72 480 229
21 72 478 224
31 72 475 220
41 72 473 216
51 72 471 211
61 72 469 207
71 72 466 202
81 72 465 198
91 72 462 194
101 72 460 190
111 72 456 186
121 72 454 183
131 72 452 179
141 72 449 175
151 72 447 172
161 72 445 168
1 73 694 415
11 73 690 409
21 73 684 403
31 73 674 398
41 73 662 392
51 73 651 386
61 73 640 382
71 73 627 379
81 73 615 377
91 73 603 376
101 73 591 374
111 73 578 374
121 73 565 373
131 73 553 374
141 73 543 378
151 73 544 377
161 73 551 372
1 74 494 216
11 74 491 211
21 74 487 207
31 74 484 202
41 74 481 198
51 74 477 196
61 74 474 191
71 74 471 187
81 74 468 185
91 74 465 181
101 74 462 177
111 74 459 175
121 74 456 171
131 74 454 169
141 74 451 165
151 74 449 162
161 74 447 158
1 75 549 187
11 75 551 190
21 75 554 194
31 75 556 200
41 75 558 201
51 75 561 208
61 75 564 211
71 75 567 212
81 75 572 218
91 75 575 210
101 75 572 207
111 75 570 204
121 75 569 198
131 75 567 193
141 75 566 189
151 75 565 184
161 75 564 180
1 76 558 319
11 76 558 316
21 76 555 311
31 76 554 305
41 76 554 301
51 76 552 294
61 76 551 288
71 76 552 284
81 76 550 277
91 76 548 273
101 76 544 269
111 76 540 262
121 76 534 256
131 76 529 248
141 76 525 242
151 76 519 236
161 76 514 229
1 77 412 221
11 77 407 215
21 77 401 210
31 77 395 207
41 77 392 205
51 77 397 211
61 77 401 213
71 77 407 217
81 77 411 222
91 77 414 227
101 77 416 232
111 77 416 237
121 77 418 243
131 77 415 243
141 77 412 239
151 77 408 233
161 77 402 229
1 78 220 95
11 78 222 97
21 78 223 98
31 78 226 101
41 78 227 104
51 78 229 107
61 78 230 107
71 78 230 111
81 78 231 114
91 78 231 117
101 78 228 120
111 78 228 123
121 78 228 125
131 78 228 129
141 78 227 132
151 78 228 134
161 78 226 137
1 79 383 321
11 79 384 323
21 79 392 321
31 79 401 317
41 79 411 314
51 79 419 310
61 79 427 308
71 79 434 306
81 79 442 305
91 79 451 305
101 79 460 305
111 79 470 304
121 79 480 305
131 79 490 305
141 79 499 306
151 79 508 307
161 79 518 305
1 80 105 233
11 80 107 232
21 80 110 232
31 80 115 229
41 80 120 229
51 80 125 230
61 80 131 228
71 80 137 228
81 80 143 230
91 80 150 227
101 80 155 227
111 80 161 227
121 80 166 224
131 80 171 223
141 80 176 222
151 80 180 220
161 80 184 219
1 81 267 97
11 81 269 94
21 81 269 91
31 81 271 89
41 81 272 87
51 81 273 84
61 81 275 82
71 81 276 79
81 81 276 76
91 81 277 73
101 81 277 71
111 81 277 68
121 81 277 65
131 81 277 62
141 81 277 60
151 81 277 58
161 81 277 55
1 82 151 267
11 82 149 273
21 82 148 280
31 82 146 284
41 82 145 288
51 82 142 299
61 82 141 300
71 82 138 310
81 82 135 318
91 82 135 319
101 82 131 331
111 82 129 336
121 82 128 337
131 82 124 351
141 82 122 356
151 82 120 359
161 82 115 369
1 83 449 388
11 83 457 379
21 83 465 371
31 83 474 363
41 83 481 355
51 83 490 353
61 83 498 345
71 83 507 345
81 83 515 337
91 83 523 336
101 83 532 333
111 83 542 329
121 83 552 332
131 83 563 328
141 83 573 330
151 83 579 327
161 83 577 323
1 84 552 269
11 84 545 265
21 84 539 259
31 84 541 252
41 84 544 249
51 84 547 242
61 84 549 241
71 84 552 234
81 84 554 231
91 84 556 228
101 84 558 225
111 84 562 223
121 84 566 223
131 84 571 224
141 84 578 231
151 84 589 231
161 84 597 235
1 85 681 384
11 85 675 380
21 85 669 375
31 85 663 370
41 85 657 366
51 85 652 360
61 85 647 355
71 85 643 350
81 85 639 345
91 85 635 339
101 85 634 335
111 85 631 329
121 85 630 324
131 85 630 321
141 85 631 316
151 85 632 312
161 85 634 309
1 86 163 344
11 86 165 337
21 86 166 329
31 86 167 322
41 86 167 316
51 86 169 310
61 86 170 303
71 86 171 298
81 86 172 290
91 86 172 284
101 86 174 278
111 86 175 272
121 86 177 267
131 86 177 261
141 86 179 256
151 86 180 251
161 86 181 247
1 87 497 240
11 87 503 238
21 87 507 236
31 87 513 233
41 87 519 230
51 87 514 225
61 87 507 221
71 87 502 218
81 87 495 214
91 87 490 210
101 87 483 206
111 87 477 203
121 87 470 200
131 87 464 196
141 87 459 192
151 87 452 190
161 87 446 187
1 88 621 331
11 88 618 331
21 88 615 329
31 88 611 325
41 88 606 322
51 88 607 315
61 88 608 308
71 88 614 306
81 88 608 302
91 88 602 299
101 88 596 293
111 88 589 285
121 88 582 281
131 88 577 277
141 88 570 267
151 88 565 261
161 88 559 256
1 89 609 353
11 89 608 348
21 89 606 345
31 89 603 341
41 89 599 333
51 89 596 332
61 89 588 328
71 89 581 323
81 89 573 318
91 89 567 313
101 89 560 308
111 89 553 302
121 89 547 295
131 89 540 292
141 89 534 286
151 89 527 283
161 89 522 279
1 90 652 361
11 90 649 361
21 90 642 356
31 90 638 352
41 90 633 345
51 90 626 338
61 90 622 333
71 90 620 324
81 90 625 320
91 90 628 318
101 90 631 314
111 90 633 310
121 90 632 307
131 90 632 303
141 90 633 299
151 90 634 296
161 90 636 292
1 91 632 351
11 91 627 352
21 91 624 350
31 91 619 351
41 91 614 346
51 91 611 344
61 91 615 342
71 91 616 338
81 91 614 332
91 91 609 328
101 91 605 324
111 91 600 317
121 91 597 312
131 91 593 308
141 91 589 302
151 91 585 298
161 91 582 294
1 92 523 270
11 92 518 265
21 92 511 261
31 92 504 258
41 92 498 255
51 92 491 250
61 92 485 247
71 92 479 243
81 92 473 239
91 92 467 235
101 92 462 232
111 92 457 227
121 92 452 224
131 92 447 221
141 92 441 217
151 92 436 214
161 92 434 206
1 93 565 307
11 93 563 301
21 93 561 295
31 93 559 290
41 93 559 284
51 93 557 278
61 93 557 273
71 93 556 267
81 93 554 264
91 93 552 258
101 93 549 254
111 93 547 250
121 93 546 246
131 93 547 242
141 93 546 237
151 93 548 232
161 93 548 228
1 94 555 308
11 94 554 304
21 94 551 297
31 94 550 289
41 94 549 284
51 94 548 278
61 94 548 272
71 94 548 266
81 94 547 259
91 94 547 254
101 94 547 245
111 94 544 243
121 94 543 241
131 94 543 238
141 94 543 234
151 94 544 229
161 94 544 223
1 95 622 350
11 95 615 345
21 95 611 342
31 95 607 338
41 95 602 334
51 95 605 329
61 95 603 324
71 95 596 316
81 95 588 313
91 95 580 310
101 95 572 304
111 95 564 300
121 95 557 295
131 95 553 290
141 95 544 287
151 95 537 282
161 95 533 277
1 96 152 409
11 96 155 398
21 96 158 389
31 96 160 380
41 96 163 371
51 96 165 362
61 96 168 354
71 96 171 346
81 96 174 338
91 96 177 330
101 96 180 322
111 96 185 314
121 96 187 307
131 96 190 299
141 96 191 292
151 96 194 285
161 96 197 279
1 97 599 368
11 97 598 364
21 97 597 360
31 97 593 352
41 97 598 352
51 97 602 350
61 97 610 346
71 97 613 343
81 97 609 336
91 97 604 332
101 97 600 327
111 97 597 321
121 97 593 316
131 97 589 312
141 97 587 307
151 97 583 303
161 97 582 300
1 98 490 412
11 98 495 410
21 98 501 404
31 98 506 399
41 98 511 395
51 98 515 393
61 98 521 389
71 98 526 385
81 98 533 383
91 98 543 382
101 98 550 377
111 98 557 377
121 98 557 376
131 98 546 378
141 98 538 381
151 98 526 381
161 98 512 381
1 99 235 167
11 99 235 170
21 99 235 174
31 99 237 178
41 99 237 182
51 99 239 185
61 99 240 188
71 99 240 191
81 99 242 194
91 99 243 199
101 99 245 204
111 99 246 209
121 99 247 213
131 99 249 217
141 99 248 222
151 99 249 227
161 99 249 232
1 100 685 401
11 100 679 400
21 100 670 392
31 100 668 387
41 100 659 384
51 100 652 377
61 100 649 373
71 100 640 361
81 100 637 359
91 100 635 354
101 100 630 351
111 100 627 342
121 100 626 336
131 100 627 332
141 100 628 325
151 100 629 323
161 100 632 315
1 101 611 325
11 101 603 319
21 101 598 312
31 101 594 307
41 101 588 296
51 101 585 296
61 101 579 290
71 101 576 280
81 101 572 280
91 101 566 273
101 101 562 267
111 101 558 266
121 101 552 256
131 101 549 252
141 101 545 247
151 101 541 242
161 101 538 236
1 102 163 354
11 102 164 349
21 102 165 344
31 102 166 338
41 102 166 331
51 102 166 324
61 102 167 315
71 102 168 311
81 102 170 306
91 102 170 299
101 102 171 294
111 102 173 289
121 102 173 283
131 102 174 278
141 102 174 273
151 102 175 267
161 102 176 261
1 103 153 429
11 103 157 419
21 103 159 409
31 103 162 399
41 103 164 393
51 103 168 394
61 103 169 384
71 103 173 376
81 103 175 368
91 103 178 361
101 103 181 354
111 103 184 346
121 103 188 338
131 103 189 333
141 103 191 326
151 103 192 320
161 103 194 316
1 104 379 367
11 104 382 361
21 104 386 355
31 104 389 349
41 104 392 343
51 104 394 338
61 104 397 333
71 104 399 326
81 104 402 320
91 104 406 314
101 104 410 309
111 104 413 304
121 104 417 299
131 104 420 295
141 104 424 291
151 104 427 288
161 104 429 284
1 105 649 372
11 105 638 358
21 105 636 355
31 105 634 351
41 105 630 344
51 105 625 336
61 105 621 332
71 105 619 323
81 105 623 319
91 105 627 317
101 105 629 314
111 105 631 309
121 105 630 305
131 105 631 302
141 105 632 298
151 105 633 294
161 105 635 291
1 106 214 313
11 106 216 311
21 106 217 306
31 106 221 303
41 106 223 294
51 106 224 289
61 106 226 286
71 106 227 278
81 106 228 272
91 106 230 263
101 106 230 257
111 106 229 252
121 106 229 247
131 106 229 245
141 106 229 244
151 106 231 242
161 106 232 239
1 107 684 374
11 107 677 369
21 107 672 365
31 107 665 360
41 107 660 356
51 107 656 351
61 107 650 346
71 107 646 342
81 107 642 337
91 107 638 332
101 107 635 327
111 107 637 322
121 107 642 318
131 107 646 315
141 107 650 313
151 107 654 310
161 107 656 306
1 108 589 361
11 108 589 353
21 108 588 350
31 108 591 349
41 108 597 348
51 108 602 345
61 108 610 341
71 108 617 337
81 108 615 332
91 108 610 328
101 108 606 323
111 108 601 316
121 108 598 312
131 108 594 307
141 108 590 302
151 108 586 298
161 108 583 293
1 109 374 377
11 109 377 372
21 109 380 365
31 109 383 360
41 109 386 352
51 109 389 346
61 109 391 341
71 109 394 335
81 109 396 329
91 109 400 323
101 109 404 319
111 109 407 314
121 109 404 314
131 109 402 314
141 109 403 318
151 109 404 322
161 109 407 327
1 110 484 212
11 110 482 210
21 110 480 208
31 110 479 205
41 110 475 201
51 110 472 198
61 110 469 195
71 110 466 191
81 110 464 187
91 110 461 184
101 110 459 179
111 110 455 176
121 110 453 172
131 110 450 169
141 110 448 165
151 110 445 161
161 110 443 158
11 111 249 144
21 111 257 146
31 111 265 148
41 111 273 150
51 111 280 154
61 111 289 155
71 111 298 157
81 111 298 159
91 111 293 156
101 111 289 154
111 111 285 152
121 111 281 149
131 111 278 146
141 111 274 144
151 111 271 141
161 111 268 139
171 111 265 136
11 112 537 232
21 112 534 231
31 112 528 228
41 112 532 223
51 112 537 220
61 112 542 217
71 112 547 216
81 112 553 213
91 112 557 211
101 112 562 210
111 112 564 206
121 112 566 201
131 112 567 197
141 112 565 192
151 112 565 188
161 112 564 183
171 112 563 180
11 113 629 363
21 113 629 368
31 113 632 375
41 113 630 372
51 113 624 366
61 113 618 361
71 113 613 355
81 113 608 349
91 113 603 344
101 113 600 339
111 113 596 333
121 113 592 328
131 113 589 324
141 113 586 319
151 113 585 312
161 113 591 310
171 113 598 306
11 114 499 327
21 114 496 319
31 114 494 311
41 114 492 303
51 114 490 295
61 114 487 287
71 114 485 280
81 114 482 273
91 114 480 266
101 114 478 258
111 114 475 251
121 114 474 244
131 114 472 238
141 114 470 233
151 114 468 227
161 114 464 221
171 114 459 216
11 115 438 441
21 115 445 434
31 115 454 426
41 115 463 418
51 115 472 411
61 115 481 404
71 115 490 398
81 115 498 391
91 115 507 385
101 115 516 379
111 115 524 373
121 115 532 367
131 115 539 361
141 115 546 358
151 115 552 354
161 115 559 352
171 115 566 350
11 116 426 203
21 116 423 207
31 116 422 211
41 116 419 215
51 116 417 220
61 116 416 224
71 116 415 229
81 116 414 235
91 116 412 240
101 116 412 246
111 116 411 251
121 116 411 257
131 116 412 263
141 116 413 269
151 116 415 274
161 116 417 281
171 116 420 288
21 117 620 340
31 117 616 336
41 117 610 334
51 117 606 327
61 117 600 322
71 117 593 316
81 117 584 313
91 117 577 309
101 117 569 304
111 117 561 298
121 117 554 294
131 117 549 289
141 117 541 285
151 117 535 280
161 117 530 276
171 117 523 273
181 117 519 267
21 118 593 331
31 118 594 328
41 118 588 321
51 118 582 314
61 118 575 307
71 118 567 299
81 118 560 295
91 118 554 287
101 118 549 278
111 118 543 275
121 118 537 265
131 118 531 261
141 118 526 256
151 118 520 246
161 118 516 242
171 118 511 234
181 118 507 230
31 119 688 422
41 119 681 416
51 119 673 410
61 119 666 405
71 119 657 399
81 119 648 394
91 119 640 389
101 119 631 384
111 119 624 380
121 119 615 375
131 119 605 372
141 119 597 368
151 119 590 366
161 119 581 365
171 119 571 360
181 119 561 365
191 119 552 361
31 120 687 412
41 120 680 407
51 120 674 400
61 120 664 395
71 120 657 389
81 120 648 385
91 120 639 380
101 120 631 375
111 120 622 370
121 120 613 365
131 120 605 360
141 120 596 356
151 120 590 348
161 120 585 341
171 120 579 335
181 120 572 331
191 120 566 325
31 121 496 204
41 121 501 205
51 121 511 212
61 121 517 214
71 121 525 215
81 121 530 219
91 121 536 225
101 121 545 226
111 121 553 225
121 121 560 220
131 121 567 219
141 121 574 224
151 121 583 226
161 121 592 229
171 121 599 231
181 121 605 233
191 121 611 236
41 122 690 416
51 122 681 410
61 122 671 406
71 122 662 400
81 122 654 395
91 122 645 390
101 122 636 385
111 122 626 382
121 122 617 377
131 122 608 374
141 122 598 370
151 122 590 368
161 122 580 366
171 122 571 361
181 122 561 364
191 122 552 358
201 122 543 354
51 123 468 308
61 123 462 306
71 123 454 298
81 123 448 289
91 123 443 286
101 123 437 283
111 123 432 276
121 123 428 268
131 123 427 267
141 123 419 271
151 123 419 276
161 123 421 283
171 123 423 290
181 123 424 297
191 123 431 311
201 123 432 314
211 123 436 321
51 124 688 430
61 124 679 425
71 124 670 420
81 124 661 415
91 124 655 414
101 124 656 418
111 124 646 420
121 124 633 417
131 124 623 414
141 124 614 414
151 124 605 417
161 124 595 419
171 124 585 420
181 124 573 426
191 124 562 431
201 124 553 430
211 124 541 429
51 125 515 30
61 125 514 31
71 125 510 31
81 125 507 33
91 125 505 35
101 125 503 36
111 125 501 37
121 125 496 38
131 125 492 37
141 125 488 39
151 125 485 40
161 125 484 43
171 125 483 44
181 125 479 41
191 125 476 47
201 125 472 50
211 125 472 52
51 126 141 287
61 126 139 294
71 126 136 307
81 126 134 312
91 126 133 316
101 126 130 330
111 126 128 336
121 126 127 337
131 126 123 352
141 126 121 356
151 126 119 360
161 126 114 374
171 126 113 377
181 126 107 388
191 126 103 394
201 126 102 399
211 126 96 413
51 127 646 345
61 127 644 344
71 127 641 337
81 127 639 332
91 127 635 327
101 127 633 321
111 127 633 316
121 127 631 312
131 127 631 309
141 127 632 304
151 127 633 300
161 127 635 297
171 127 637 293
181 127 639 290
191 127 643 287
201 127 647 285
211 127 650 282
51 128 583 335
61 128 579 329
71 128 572 322
81 128 565 314
91 128 561 305
101 128 554 300
111 128 549 294
121 128 543 288
131 128 536 282
141 128 531 277
151 128 524 271
161 128 518 267
171 128 513 263
181 128 506 259
191 128 502 255
201 128 496 252
211 128 492 247
51 129 629 379
61 129 625 375
71 129 619 369
81 129 613 362
91 129 609 357
101 129 605 351
111 129 601 346
121 129 598 342
131 129 594 338
141 129 592 329
151 129 595 327
161 129 600 325
171 129 606 321
181 129 613 319
191 129 619 315
201 129 624 310
211 129 630 305
51 130 239 74
61 130 239 77
71 130 240 79
81 130 241 82
91 130 244 86
101 130 247 88
111 130 245 92
121 130 248 93
131 130 250 94
141 130 256 96
151 130 262 98
161 130 267 99
171 130 273 100
181 130 279 102
191 130 285 102
201 130 293 102
211 130 296 101
51 131 167 381
61 131 169 372
71 131 172 364
81 131 175 358
91 131 179 353
101 131 182 346
111 131 186 345
121 131 189 337
131 131 190 332
141 131 192 324
151 131 193 318
161 131 197 312
171 131 200 304
181 131 202 298
191 131 201 296
201 131 196 296
211 131 187 295
51 132 387 215
61 132 391 218
71 132 395 223
81 132 399 229
91 132 402 234
101 132 403 239
111 132 404 244
121 132 405 250
131 132 406 257
141 132 408 263
151 132 408 269
161 132 411 276
171 132 414 283
181 132 416 290
191 132 418 295
201 132 422 302
211 132 427 310
51 133 471 420
61 133 478 417
71 133 486 413
81 133 495 409
91 133 502 403
101 133 507 399
111 133 517 394
121 133 525 386
131 133 533 380
141 133 534 382
151 133 523 384
161 133 510 382
171 133 498 382
181 133 485 382
191 133 472 381
201 133 460 382
211 133 447 381
51 134 592 231
61 134 590 226
71 134 586 221
81 134 584 216
91 134 585 213
101 134 588 211
111 134 594 215
121 134 599 219
131 134 604 223
141 134 610 226
151 134 616 228
161 134 622 233
171 134 630 235
181 134 636 238
191 134 645 242
201 134 651 243
211 134 659 246
61 135 560 197
71 135 557 199
81 135 561 207
91 135 566 207
101 135 570 203
111 135 571 200
121 135 571 194
131 135 569 189
141 135 568 184
151 135 567 180
161 135 565 175
171 135 565 172
181 135 563 168
191 135 562 164
201 135 560 161
211 135 557 159
221 135 554 156
61 136 613 371
71 136 612 370
81 136 606 364
91 136 605 358
101 136 601 355
111 136 597 349
121 136 595 343
131 136 591 341
141 136 590 337
151 136 595 333
161 136 599 330
171 136 605 326
181 136 609 323
191 136 614 318
201 136 619 314
211 136 624 312
221 136 629 308
61 137 592 301
71 137 591 299
81 137 584 298
91 137 576 294
101 137 569 288
111 137 562 284
121 137 556 279
131 137 550 275
141 137 543 270
151 137 537 265
161 137 531 262
171 137 526 258
181 137 521 253
191 137 514 249
201 137 509 246
211 137 505 243
221 137 501 240
61 138 492 229
71 138 492 229
81 138 490 226
91 138 484 225
101 138 479 223
111 138 473 219
121 138 465 213
131 138 460 208
141 138 454 209
151 138 448 205
161 138 443 199
171 138 445 195
181 138 450 193
191 138 457 192
201 138 463 191
211 138 469 191
221 138 470 195
71 139 579 292
81 139 573 287
91 139 570 286
101 139 565 281
111 139 557 275
121 139 555 273
131 139 549 271
141 139 543 265
151 139 541 263
161 139 535 259
171 139 531 254
181 139 529 253
191 139 520 245
201 139 519 243
211 139 515 238
221 139 508 236
231 139 508 235
71 140 323 218
81 140 319 216
91 140 315 212
101 140 310 209
111 140 306 207
121 140 302 202
131 140 298 201
141 140 294 197
151 140 292 194
161 140 289 191
171 140 287 186
181 140 284 184
191 140 283 180
201 140 281 176
211 140 281 173
221 140 279 170
231 140 277 167
71 141 695 408
81 141 686 410
91 141 675 412
101 141 664 413
111 141 652 415
121 141 641 414
131 141 630 412
141 141 621 412
151 141 612 415
161 141 602 417
171 141 592 417
181 141 581 424
191 141 569 427
201 141 560 428
211 141 550 432
221 141 539 434
231 141 529 438
71 142 693 396
81 142 684 401
91 142 673 402
101 142 662 405
111 142 651 407
121 142 639 410
131 142 629 408
141 142 619 408
151 142 610 411
161 142 600 413
171 142 590 414
181 142 580 419
191 142 569 420
201 142 559 421
211 142 549 423
221 142 538 425
231 142 528 428
81 143 329 207
91 143 326 208
101 143 325 208
111 143 321 206
121 143 314 203
131 143 308 201
141 143 305 197
151 143 301 192
161 143 299 188
171 143 297 182
181 143 294 179
191 143 292 175
201 143 291 172
211 143 289 169
221 143 288 167
231 143 286 163
241 143 284 159
81 144 575 308
91 144 569 302
101 144 561 297
111 144 555 292
121 144 547 287
131 144 540 284
141 144 535 277
151 144 528 273
161 144 522 269
171 144 516 265
181 144 510 262
191 144 505 257
201 144 499 254
211 144 495 249
221 144 490 245
231 144 484 241
241 144 478 236
81 145 236 204
91 145 237 210
101 145 240 214
111 145 240 215
121 145 242 223
131 145 242 225
141 145 242 230
151 145 244 237
161 145 243 240
171 145 244 247
181 145 245 250
191 145 246 257
201 145 248 263
211 145 248 266
221 145 251 274
231 145 252 279
241 145 253 287
81 146 225 183
91 146 226 181
101 146 227 176
111 146 228 171
121 146 226 171
131 146 224 171
141 146 221 169
151 146 216 165
161 146 214 164
171 146 208 158
181 146 207 158
191 146 204 156
201 146 202 154
211 146 199 153
221 146 197 149
231 146 194 147
241 146 190 147
91 147 312 182
101 147 320 182
111 147 309 178
121 147 299 183
131 147 288 185
141 147 278 192
151 147 270 192
161 147 265 193
171 147 262 196
181 147 260 202
191 147 257 209
201 147 255 215
211 147 252 223
221 147 250 230
231 147 245 238
241 147 241 245
251 147 232 252
91 148 506 395
101 148 512 390
111 148 522 386
121 148 528 384
131 148 536 380
141 148 534 383
151 148 523 384
161 148 511 383
171 148 499 382
181 148 485 383
191 148 471 382
201 148 460 382
211 148 447 382
221 148 436 379
231 148 423 379
241 148 409 377
251 148 399 376
91 149 308 182
101 149 316 182
111 149 307 182
121 149 296 185
131 149 286 191
141 149 277 198
151 149 268 206
161 149 263 208
171 149 259 209
181 149 255 209
191 149 255 210
201 149 254 216
211 149 251 224
221 149 249 231
231 149 244 239
241 149 240 245
251 149 231 252
91 150 457 62
101 150 458 63
111 150 460 64
121 150 462 65
131 150 464 66
141 150 466 68
151 150 468 70
161 150 468 75
171 150 468 83
181 150 470 90
191 150 472 94
201 150 473 97
211 150 474 98
221 150 475 103
231 150 476 105
241 150 477 110
251 150 478 112
91 151 337 202
101 151 333 197
111 151 325 194
121 151 318 191
131 151 313 186
141 151 306 182
151 151 300 178
161 151 295 174
171 151 290 172
181 151 286 166
191 151 279 164
201 151 274 161
211 151 270 157
221 151 264 155
231 151 261 151
241 151 257 149
251 151 253 146
101 152 404 449
111 152 398 445
121 152 390 442
131 152 380 439
141 152 369 436
151 152 358 436
161 152 346 434
171 152 336 434
181 152 325 431
191 152 315 425
201 152 305 420
211 152 294 413
221 152 285 410
231 152 277 409
241 152 269 396
251 152 263 393
261 152 253 380
101 153 432 42
111 153 433 45
121 153 435 47
131 153 436 50
141 153 438 51
151 153 438 54
161 153 438 56
171 153 438 58
181 153 438 59
191 153 439 61
201 153 439 63
211 153 439 64
221 153 439 66
231 153 439 68
241 153 440 70
251 153 440 72
261 153 441 74
101 154 634 420
111 154 626 414
121 154 619 411
131 154 610 406
141 154 600 404
151 154 590 398
161 154 578 394
171 154 570 392
181 154 562 386
191 154 555 384
201 154 546 380
211 154 536 375
221 154 532 369
231 154 539 364
241 154 544 358
251 154 550 355
261 154 555 350
111 155 403 232
121 155 411 234
131 155 414 238
141 155 411 235
151 155 407 230
161 155 402 226
171 155 396 222
181 155 391 218
191 155 385 213
201 155 379 209
211 155 373 206
221 155 369 201
231 155 363 196
241 155 358 193
251 155 353 189
261 155 347 184
271 155 341 182
121 156 389 146
131 156 392 143
141 156 389 140
151 156 387 137
161 156 386 133
171 156 392 132
181 156 399 133
191 156 404 131
201 156 410 134
211 156 415 135
221 156 422 135
231 156 429 134
241 156 430 135
251 156 429 133
261 156 428 130
271 156 427 128
281 156 427 125
121 157 642 431
131 157 631 432
141 157 619 433
151 157 613 432
161 157 605 433
171 157 591 436
181 157 584 436
191 157 573 436
201 157 562 436
211 157 552 440
221 157 541 443
231 157 531 443
241 157 522 445
251 157 511 445
261 157 499 445
271 157 488 448
281 157 477 451
121 158 305 452
131 158 311 441
141 158 318 431
151 158 325 423
161 158 330 415
171 158 337 406
181 158 343 398
191 158 350 390
201 158 356 382
211 158 362 373
221 158 369 366
231 158 375 358
241 158 380 350
251 158 386 342
261 158 391 335
271 158 395 328
281 158 401 321
121 159 561 452
131 159 550 445
141 159 538 439
151 159 526 432
161 159 513 426
171 159 501 422
181 159 490 416
191 159 478 410
201 159 467 403
211 159 456 398
221 159 445 394
231 159 435 389
241 159 425 383
251 159 416 377
261 159 406 372
271 159 398 366
281 159 390 360
121 160 382 454
131 160 373 451
141 160 362 445
151 160 350 441
161 160 338 437
171 160 327 437
181 160 315 432
191 160 306 430
201 160 296 429
211 160 286 423
221 160 276 418
231 160 267 410
241 160 259 403
251 160 251 396
261 160 244 388
271 160 236 381
281 160 228 375
121 161 302 158
131 161 294 162
141 161 285 166
151 161 278 170
161 161 273 175
171 161 269 181
181 161 266 187
191 161 263 194
201 161 260 201
211 161 257 208
221 161 255 215
231 161 251 222
241 161 246 230
251 161 239 237
261 161 232 243
271 161 223 250
281 161 213 256
121 162 403 217
131 162 408 216
141 162 415 215
151 162 421 215
161 162 424 214
171 162 420 209
181 162 416 205
191 162 411 206
201 162 406 205
211 162 401 202
221 162 396 199
231 162 391 194
241 162 387 195
251 162 382 190
261 162 378 188
271 162 373 187
281 162 369 183
121 163 693 389
131 163 686 385
141 163 679 378
151 163 672 374
161 163 667 370
171 163 661 364
181 163 655 359
191 163 649 355
201 163 645 348
211 163 641 342
221 163 640 336
231 163 640 330
241 163 640 324
251 163 643 319
261 163 646 316
271 163 649 314
281 163 651 310
121 164 694 400
131 164 687 396
141 164 681 388
151 164 675 385
161 164 669 381
171 164 662 377
181 164 658 372
191 164 650 367
201 164 642 358
211 164 635 355
221 164 626 349
231 164 617 343
241 164 609 338
251 164 606 334
261 164 597 329
271 164 588 325
281 164 580 321
121 165 295 454
131 165 302 444
141 165 310 435
151 165 316 426
161 165 322 418
171 165 329 409
181 165 335 401
191 165 342 394
201 165 348 386
211 165 354 377
221 165 361 369
231 165 366 362
241 165 372 354
251 165 378 346
261 165 384 339
271 165 387 332
281 165 393 324
131 166 311 158
141 166 306 157
151 166 299 154
161 166 295 149
171 166 291 146
181 166 287 143
191 166 285 140
201 166 282 137
211 166 279 134
221 166 277 132
231 166 273 125
241 166 271 125
251 166 268 120
261 166 265 117
271 166 262 117
281 166 257 111
291 166 255 112
131 167 550 227
141 167 551 224
151 167 552 219
161 167 552 214
171 167 552 211
181 167 553 206
191 167 552 204
201 167 552 199
211 167 551 196
221 167 551 193
231 167 552 189
241 167 552 186
251 167 554 182
261 167 557 178
271 167 561 176
281 167 567 173
291 167 572 167
131 168 308 169
141 168 302 168
151 168 297 163
161 168 291 160
171 168 286 157
181 168 282 155
191 168 277 152
201 168 273 149
211 168 268 146
221 168 264 142
231 168 260 138
241 168 255 135
251 168 251 131
261 168 248 128
271 168 244 124
281 168 242 120
291 168 239 118
141 169 297 158
151 169 296 157
161 169 291 159
171 169 286 157
181 169 282 155
191 169 277 152
201 169 273 148
211 169 268 146
221 169 264 142
231 169 260 138
241 169 255 135
251 169 251 131
261 169 248 128
271 169 245 124
281 169 242 120
291 169 239 118
301 169 237 115
151 170 688 401
161 170 678 394
171 170 670 387
181 170 660 383
191 170 650 376
201 170 642 366
211 170 634 360
221 170 625 354
231 170 615 348
241 170 606 343
251 170 599 336
261 170 591 331
271 170 582 327
281 170 573 321
291 170 571 313
301 170 578 313
311 170 584 309
151 171 585 262
161 171 593 261
171 171 595 263
181 171 593 263
191 171 590 260
201 171 585 253
211 171 582 247
221 171 576 240
231 171 575 239
241 171 571 235
251 171 568 229
261 171 566 226
271 171 564 220
281 171 563 218
291 171 562 215
301 171 567 216
311 171 575 220
151 172 448 316
161 172 451 312
171 172 456 307
181 172 461 302
191 172 465 298
201 172 471 292
211 172 474 288
221 172 479 284
231 172 483 279
241 172 486 275
251 172 489 270
261 172 491 264
271 172 493 259
281 172 496 256
291 172 499 251
301 172 502 247
311 172 506 246
151 173 324 192
161 173 325 192
171 173 321 191
181 173 316 193
191 173 311 192
201 173 306 190
211 173 301 192
221 173 296 191
231 173 290 192
241 173 286 192
251 173 281 194
261 173 277 196
271 173 273 199
281 173 268 202
291 173 264 204
301 173 259 207
311 173 255 210
161 174 684 408
171 174 679 413
181 174 668 406
191 174 657 396
201 174 649 396
211 174 638 390
221 174 623 385
231 174 618 378
241 174 611 375
251 174 601 365
261 174 594 359
271 174 585 360
281 174 574 359
291 174 565 356
301 174 553 355
311 174 540 353
321 174 528 349
161 175 687 384
171 175 679 380
181 175 670 374
191 175 662 371
201 175 651 363
211 175 642 357
221 175 635 353
231 175 625 346
241 175 617 343
251 175 610 342
261 175 601 342
271 175 590 342
281 175 579 344
291 175 569 343
301 175 560 341
311 175 556 340
321 175 561 338
161 176 371 452
171 176 380 449
181 176 388 446
191 176 398 443
201 176 406 437
211 176 412 429
221 176 421 426
231 176 425 424
241 176 436 420
251 176 442 415
261 176 445 411
271 176 455 401
281 176 460 404
291 176 466 401
301 176 471 400
311 176 475 394
321 176 483 394
161 177 319 179
171 177 319 180
181 177 317 183
191 177 311 187
201 177 306 189
211 177 301 189
221 177 296 188
231 177 292 190
241 177 287 192
251 177 282 194
261 177 277 196
271 177 273 199
281 177 269 202
291 177 264 204
301 177 260 207
311 177 256 210
321 177 252 212
171 178 687 382
181 178 677 380
191 178 667 376
201 178 658 371
211 178 647 367
221 178 638 363
231 178 630 361
241 178 620 358
251 178 614 357
261 178 603 356
271 178 592 357
281 178 580 359
291 178 567 357
301 178 555 355
311 178 541 353
321 178 529 349
331 178 517 347
171 179 391 451
181 179 399 445
191 179 406 440
201 179 413 433
211 179 421 428
221 179 429 422
231 179 437 416
241 179 444 412
251 179 451 407
261 179 458 402
271 179 466 396
281 179 473 392
291 179 480 386
301 179 487 381
311 179 495 376
321 179 502 371
331 179 510 368
171 180 478 312
181 180 479 310
191 180 483 306
201 180 491 299
211 180 492 298
221 180 500 289
231 180 500 286
241 180 503 282
251 180 508 274
261 180 509 274
271 180 513 267
281 180 515 262
291 180 517 259
301 180 522 250
311 180 523 249
321 180 525 246
331 180 525 244
181 181 476 39
191 181 473 41
201 181 469 40
211 181 467 44
221 181 467 47
231 181 466 50
241 181 465 52
251 181 464 54
261 181 463 57
271 181 462 60
281 181 461 62
291 181 460 65
301 181 458 68
311 181 457 70
321 181 457 73
331 181 456 76
341 181 456 79
181 182 390 305
191 182 384 311
201 182 379 318
211 182 372 326
221 182 366 331
231 182 361 336
241 182 354 342
251 182 346 347
261 182 338 357
271 182 332 361
281 182 325 367
291 182 319 373
301 182 314 377
311 182 308 385
321 182 303 394
331 182 294 403
341 182 287 406
181 183 634 453
191 183 632 443
201 183 630 433
211 183 627 424
221 183 626 416
231 183 625 407
241 183 624 397
251 183 625 387
261 183 624 378
271 183 624 370
281 183 625 362
291 183 624 353
301 183 625 345
311 183 625 337
321 183 626 329
331 183 628 322
341 183 631 316
191 184 661 384
201 184 649 383
211 184 643 379
221 184 635 372
231 184 626 370
241 184 621 365
251 184 614 366
261 184 605 370
271 184 597 369
281 184 586 370
291 184 577 373
301 184 564 369
311 184 549 363
321 184 534 357
331 184 524 356
341 184 526 351
351 184 533 348
191 185 573 347
201 185 578 344
211 185 575 342
221 185 571 338
231 185 565 332
241 185 562 327
251 185 554 322
261 185 554 316
271 185 561 313
281 185 569 309
291 185 574 306
301 185 580 304
311 185 586 300
321 185 591 297
331 185 596 294
341 185 601 292
351 185 606 290
191 186 289 165
201 186 287 161
211 186 285 158
221 186 283 156
231 186 282 152
241 186 279 149
251 186 277 146
261 186 274 143
271 186 270 141
281 186 268 138
291 186 264 136
301 186 262 132
311 186 259 130
321 186 256 127
331 186 254 124
341 186 252 121
351 186 249 119
191 187 217 301
201 187 207 301
211 187 198 301
221 187 194 305
231 187 184 306
241 187 174 303
251 187 163 302
261 187 155 300
271 187 150 300
281 187 140 300
291 187 131 297
301 187 120 296
311 187 113 295
321 187 107 295
331 187 97 295
341 187 87 294
351 187 75 293
201 188 691 454
211 188 679 454
221 188 667 455
231 188 656 454
241 188 645 453
251 188 632 453
261 188 622 451
271 188 610 449
281 188 597 447
291 188 587 444
301 188 575 442
311 188 563 440
321 188 552 438
331 188 540 436
341 188 528 431
351 188 518 431
361 188 506 433
201 189 426 197
211 189 422 195
221 189 426 194
231 189 427 188
241 189 427 182
251 189 426 178
261 189 425 174
271 189 423 169
281 189 420 164
291 189 419 160
301 189 417 156
311 189 416 152
321 189 416 148
331 189 415 143
341 189 415 139
351 189 414 136
361 189 412 132
211 190 552 203
221 190 552 200
231 190 552 199
241 190 552 197
251 190 556 190
261 190 556 190
271 190 560 188
281 190 562 186
291 190 564 180
301 190 561 176
311 190 559 172
321 190 557 169
331 190 557 165
341 190 557 162
351 190 557 160
361 190 558 157
371 190 558 154
211 191 473 79
221 191 474 84
231 191 477 88
241 191 479 91
251 191 480 95
261 191 481 100
271 191 482 103
281 191 483 107
291 191 484 110
301 191 485 113
311 191 487 117
321 191 488 121
331 191 490 125
341 191 492 129
351 191 493 133
361 191 495 138
371 191 495 141
211 192 565 318
221 192 569 321
231 192 562 316
241 192 557 311
251 192 551 306
261 192 545 300
271 192 538 296
281 192 532 291
291 192 529 288
301 192 524 281
311 192 520 277
321 192 514 271
331 192 508 267
341 192 502 263
351 192 494 259
361 192 488 255
371 192 479 251
221 193 470 162
231 193 470 166
241 193 471 169
251 193 472 172
261 193 474 175
271 193 477 175
281 193 476 179
291 193 478 182
301 193 478 186
311 193 478 190
321 193 479 193
331 193 478 197
341 193 478 201
351 193 478 206
361 193 478 210
371 193 480 214
381 193 484 218
221 194 498 371
231 194 508 370
241 194 512 366
251 194 524 365
261 194 526 364
271 194 531 361
281 194 540 357
291 194 541 358
301 194 546 353
311 194 537 349
321 194 526 347
331 194 514 345
341 194 516 340
351 194 522 335
361 194 528 331
371 194 536 327
381 194 542 323
221 195 573 322
231 195 566 318
241 195 561 313
251 195 554 307
261 195 548 301
271 195 542 296
281 195 536 291
291 195 531 287
301 195 527 281
311 195 522 275
321 195 515 270
331 195 509 266
341 195 503 261
351 195 495 257
361 195 488 253
371 195 481 249
381 195 475 245
231 196 475 77
241 196 476 81
251 196 478 84
261 196 478 87
271 196 478 91
281 196 477 93
291 196 475 99
301 196 473 102
311 196 472 104
321 196 469 109
331 196 466 113
341 196 464 115
351 196 462 120
361 196 460 122
371 196 459 130
381 196 457 133
391 196 454 133
231 197 563 289
241 197 562 286
251 197 559 283
261 197 556 278
271 197 555 276
281 197 553 273
291 197 551 270
301 197 550 266
311 197 549 262
321 197 546 260
331 197 543 256
341 197 542 252
351 197 540 248
361 197 538 243
371 197 536 242
381 197 534 237
391 197 537 242
231 198 158 439
241 198 162 430
251 198 166 422
261 198 168 412
271 198 172 405
281 198 175 397
291 198 178 389
301 198 180 380
311 198 182 372
321 198 185 365
331 198 184 359
341 198 182 355
351 198 177 352
361 198 172 344
371 198 166 342
381 198 162 337
391 198 154 335
231 199 283 129
241 199 281 127
251 199 278 123
261 199 275 122
271 199 272 119
281 199 267 118
291 199 265 114
301 199 260 111
311 199 256 111
321 199 250 109
331 199 247 112
341 199 245 110
351 199 244 108
361 199 242 105
371 199 245 108
381 199 248 107
391 199 253 109
231 200 497 264
241 200 501 260
251 200 504 257
261 200 507 253
271 200 510 247
281 200 513 243
291 200 516 240
301 200 519 235
311 200 522 231
321 200 526 226
331 200 530 222
341 200 533 218
351 200 535 217
361 200 536 213
371 200 536 211
381 200 539 208
391 200 542 205
231 201 158 448
241 201 163 440
251 201 166 432
261 201 169 422
271 201 174 414
281 201 177 407
291 201 179 399
301 201 182 390
311 201 183 382
321 201 186 375
331 201 187 370
341 201 189 360
351 201 192 355
361 201 194 350
371 201 196 343
381 201 199 336
391 201 201 329
231 202 497 189
241 202 496 185
251 202 496 179
261 202 498 174
271 202 498 170
281 202 499 165
291 202 501 160
301 202 504 156
311 202 507 152
321 202 509 148
331 202 508 145
341 202 509 142
351 202 508 139
361 202 507 135
371 202 508 131
381 202 508 126
391 202 510 123
231 203 519 337
241 203 513 333
251 203 506 329
261 203 499 325
271 203 492 320
281 203 485 315
291 203 479 310
301 203 472 307
311 203 466 303
321 203 462 299
331 203 457 297
341 203 453 291
351 203 448 286
361 203 443 283
371 203 439 279
381 203 435 275
391 203 431 271
231 204 605 453
241 204 606 447
251 204 605 439
261 204 603 430
271 204 600 422
281 204 597 413
291 204 594 405
301 204 591 397
311 204 588 392
321 204 586 387
331 204 582 383
341 204 577 378
351 204 574 371
361 204 569 364
371 204 567 358
381 204 565 352
391 204 564 347
231 205 270 395
241 205 262 389
251 205 253 381
261 205 246 374
271 205 238 367
281 205 230 360
291 205 221 355
301 205 213 349
311 205 204 344
321 205 195 338
331 205 187 333
341 205 179 328
351 205 172 324
361 205 165 319
371 205 159 314
381 205 151 310
391 205 144 306
231 206 693 446
241 206 685 442
251 206 671 439
261 206 659 437
271 206 646 436
281 206 632 433
291 206 619 432
301 206 607 429
311 206 595 425
321 206 582 421
331 206 571 417
341 206 560 413
351 206 548 408
361 206 537 403
371 206 525 400
381 206 514 397
391 206 502 394
231 207 434 408
241 207 441 398
251 207 448 392
261 207 454 387
271 207 462 383
281 207 468 377
291 207 476 373
301 207 483 368
311 207 490 364
321 207 499 359
331 207 506 354
341 207 513 350
351 207 520 346
361 207 526 342
371 207 533 338
381 207 539 334
391 207 544 331
241 208 610 355
251 208 599 351
261 208 590 345
271 208 584 340
281 208 573 337
291 208 567 328
301 208 560 324
311 208 561 320
321 208 566 316
331 208 572 313
341 208 578 310
351 208 582 306
361 208 589 302
371 208 593 299
381 208 598 297
391 208 603 293
401 208 607 290
241 209 166 450
251 209 169 441
261 209 173 431
271 209 177 423
281 209 180 416
291 209 182 407
301 209 184 398
311 209 186 390
321 209 189 384
331 209 190 377
341 209 192 368
351 209 194 361
361 209 197 355
371 209 200 349
381 209 202 342
391 209 205 335
401 209 208 329
241 210 469 89
251 210 470 92
261 210 472 96
271 210 473 98
281 210 474 102
291 210 472 105
301 210 470 110
311 210 469 113
321 210 466 115
331 210 464 120
341 210 463 120
351 210 459 125
361 210 459 130
371 210 457 134
381 210 455 137
391 210 453 138
401 210 448 141
241 211 686 450
251 211 673 448
261 211 664 445
271 211 653 444
281 211 646 443
291 211 635 443
301 211 623 447
311 211 617 448
321 211 613 449
331 211 604 449
341 211 594 446
351 211 588 445
361 211 576 443
371 211 565 438
381 211 561 436
391 211 549 432
401 211 538 425
241 212 189 449
251 212 194 438
261 212 198 427
271 212 201 416
281 212 205 405
291 212 208 395
301 212 211 386
311 212 214 375
321 212 217 366
331 212 220 357
341 212 222 348
351 212 225 340
361 212 227 332
371 212 229 323
381 212 232 315
391 212 234 307
401 212 237 300
241 213 579 220
251 213 575 215
261 213 572 210
271 213 571 207
281 213 567 204
291 213 565 200
301 213 562 201
311 213 559 197
321 213 558 195
331 213 555 192
341 213 554 189
351 213 557 189
361 213 560 187
371 213 563 184
381 213 566 182
391 213 569 180
401 213 572 177
251 214 692 397
261 214 678 395
271 214 666 390
281 214 660 391
291 214 650 387
301 214 638 381
311 214 628 377
321 214 624 374
331 214 612 367
341 214 609 365
351 214 599 356
361 214 591 347
371 214 587 341
381 214 580 336
391 214 571 327
401 214 565 316
411 214 566 311
251 215 193 447
261 215 197 435
271 215 200 424
281 215 205 414
291 215 208 404
301 215 210 394
311 215 214 384
321 215 216 374
331 215 219 365
341 215 221 356
351 215 224 347
361 215 226 339
371 215 228 330
381 215 231 322
391 215 233 314
401 215 236 306
411 215 238 299
251 216 407 401
261 216 395 394
271 216 394 393
281 216 375 379
291 216 374 378
301 216 365 371
311 216 360 363
321 216 356 360
331 216 347 355
341 216 337 347
351 216 331 346
361 216 328 346
371 216 319 348
381 216 310 351
391 216 304 364
401 216 297 368
411 216 288 375
251 217 692 381
261 217 684 377
271 217 675 372
281 217 664 368
291 217 655 364
301 217 647 360
311 217 636 356
321 217 626 351
331 217 619 343
341 217 609 337
351 217 601 329
361 217 594 322
371 217 589 315
381 217 588 317
391 217 596 311
401 217 598 311
411 217 605 307
251 218 255 404
261 218 250 403
271 218 243 397
281 218 237 390
291 218 232 382
301 218 224 380
311 218 222 370
321 218 224 362
331 218 227 353
341 218 229 344
351 218 232 336
361 218 233 327
371 218 235 319
381 218 238 311
391 218 240 303
401 218 243 296
411 218 244 288
251 219 168 447
261 219 169 444
271 219 173 434
281 219 177 429
291 219 179 423
301 219 182 410
311 219 182 401
321 219 183 395
331 219 187 386
341 219 187 381
351 219 191 374
361 219 194 368
371 219 195 363
381 219 200 358
391 219 203 350
401 219 203 343
411 219 201 347
251 220 564 123
261 220 566 128
271 220 566 132
281 220 567 135
291 220 568 140
301 220 569 145
311 220 571 150
321 220 572 152
331 220 573 156
341 220 574 161
351 220 573 166
361 220 574 170
371 220 574 175
381 220 573 181
391 220 577 187
401 220 578 190
411 220 583 195
261 221 600 448
271 221 599 447
281 221 592 444
291 221 582 440
301 221 572 436
311 221 561 434
321 221 549 431
331 221 537 428
341 221 525 426
351 221 514 425
361 221 503 422
371 221 493 421
381 221 482 419
391 221 471 417
401 221 460 416
411 221 449 414
421 221 438 412
261 222 169 446
271 222 172 434
281 222 177 430
291 222 179 423
301 222 182 411
311 222 182 401
321 222 183 395
331 222 187 386
341 222 187 381
351 222 190 374
361 222 194 368
371 222 195 364
381 222 200 358
391 222 203 350
401 222 203 344
411 222 201 347
421 222 197 346
261 223 405 219
271 223 412 219
281 223 415 218
291 223 419 218
301 223 424 219
311 223 425 218
321 223 420 215
331 223 414 211
341 223 408 207
351 223 402 204
361 223 397 200
371 223 392 197
381 223 387 193
391 223 382 189
401 223 376 185
411 223 371 182
421 223 366 179
261 224 467 84
271 224 470 89
281 224 471 91
291 224 472 94
301 224 472 98
311 224 470 102
321 224 467 105
331 224 465 108
341 224 463 111
351 224 461 115
361 224 459 118
371 224 457 121
381 224 455 125
391 224 452 129
401 224 449 133
411 224 446 136
421 224 443 139
271 225 643 453
281 225 628 449
291 225 616 448
301 225 604 446
311 225 591 442
321 225 578 438
331 225 567 435
341 225 558 431
351 225 545 426
361 225 532 420
371 225 524 417
381 225 512 414
391 225 500 411
401 225 488 409
411 225 477 407
421 225 466 404
431 225 453 401
271 226 690 385
281 226 684 384
291 226 675 380
301 226 668 375
311 226 661 368
321 226 651 364
331 226 643 359
341 226 638 356
351 226 629 353
361 226 622 348
371 226 616 346
381 226 611 341
391 226 605 336
401 226 598 332
411 226 591 329
421 226 586 324
431 226 584 319
271 227 689 363
281 227 681 361
291 227 674 360
301 227 666 356
311 227 659 353
321 227 651 351
331 227 643 348
341 227 635 345
351 227 628 342
361 227 621 338
371 227 614 335
381 227 609 331
391 227 603 326
401 227 596 322
411 227 590 319
421 227 585 314
431 227 579 310
271 228 490 69
281 228 490 70
291 228 490 73
301 228 490 76
311 228 489 78
321 228 488 82
331 228 490 85
341 228 492 89
351 228 493 93
361 228 495 95
371 228 497 99
381 228 498 102
391 228 500 104
401 228 501 106
411 228 503 110
421 228 504 112
431 228 506 115
281 229 648 454
291 229 644 453
301 229 632 453
311 229 622 451
321 229 617 450
331 229 605 448
341 229 595 445
351 229 589 445
361 229 576 440
371 229 565 436
381 229 561 436
391 229 549 429
401 229 538 424
411 229 534 421
421 229 523 417
431 229 512 412
441 229 507 409
281 230 691 383
291 230 689 383
301 230 680 376
311 230 676 370
321 230 672 366
331 230 666 361
341 230 664 353
351 230 661 348
361 230 659 342
371 230 654 334
381 230 652 328
391 230 649 322
401 230 649 317
411 230 651 312
421 230 650 307
431 230 651 304
441 230 653 301
281 231 679 373
291 231 671 370
301 231 663 367
311 231 657 363
321 231 648 360
331 231 640 355
341 231 634 353
351 231 625 350
361 231 618 345
371 231 612 343
381 231 606 339
391 231 600 334
401 231 593 330
411 231 587 327
421 231 581 322
431 231 578 318
441 231 583 317
281 232 460 88
291 232 458 91
301 232 458 94
311 232 457 96
321 232 457 100
331 232 457 102
341 232 456 105
351 232 455 107
361 232 454 109
371 232 453 112
381 232 451 114
391 232 448 120
401 232 446 123
411 232 443 126
421 232 441 128
431 232 437 133
441 232 433 137
281 233 441 269
291 233 438 269
301 233 432 269
311 233 427 273
321 233 422 277
331 233 417 269
341 233 413 272
351 233 412 268
361 233 413 264
371 233 411 258
381 233 410 253
391 233 408 247
401 233 405 240
411 233 403 235
421 233 400 230
431 233 397 224
441 233 395 218
281 234 51 452
291 234 56 442
301 234 63 428
311 234 66 418
321 234 72 408
331 234 74 395
341 234 75 384
351 234 77 375
361 234 78 366
371 234 80 356
381 234 81 346
391 234 82 338
401 234 80 330
411 234 76 323
421 234 69 318
431 234 60 311
441 234 52 308
281 235 484 325
291 235 478 321
301 235 472 316
311 235 466 312
321 235 461 308
331 235 455 302
341 235 450 298
351 235 446 293
361 235 440 289
371 235 437 285
381 235 432 279
391 235 428 275
401 235 426 266
411 235 430 261
421 235 433 257
431 235 436 252
441 235 439 247
281 236 510 217
291 236 514 219
301 236 521 218
311 236 528 213
321 236 532 218
331 236 537 218
341 236 540 214
351 236 543 211
361 236 546 207
371 236 549 204
381 236 552 201
391 236 555 198
401 236 556 194
411 236 560 192
421 236 563 189
431 236 566 187
441 236 571 184
291 237 474 396
301 237 476 395
311 237 484 389
321 237 494 385
331 237 502 379
341 237 505 375
351 237 513 372
361 237 520 365
371 237 527 358
381 237 532 356
391 237 537 353
401 237 545 348
411 237 553 343
421 237 556 340
431 237 556 340
441 237 556 337
451 237 557 331
291 238 85 447
301 238 86 436
311 238 87 425
321 238 90 415
331 238 93 404
341 238 98 394
351 238 99 384
361 238 103 375
371 238 106 367
381 238 110 357
391 238 114 349
401 238 116 340
411 238 120 332
421 238 122 324
431 238 125 316
441 238 126 310
451 238 128 302
291 239 501 204
301 239 498 203
311 239 496 197
321 239 494 194
331 239 492 191
341 239 488 185
351 239 484 182
361 239 482 179
371 239 479 175
381 239 477 172
391 239 477 169
401 239 476 165
411 239 475 161
421 239 475 158
431 239 474 154
441 239 474 150
451 239 473 146
291 240 684 373
301 240 680 372
311 240 675 365
321 240 670 356
331 240 667 353
341 240 663 349
351 240 660 345
361 240 659 342
371 240 655 333
381 240 652 328
391 240 650 321
401 240 650 316
411 240 651 312
421 240 651 307
431 240 652 304
441 240 654 301
451 240 656 297
301 241 90 446
311 241 91 435
321 241 94 425
331 241 96 414
341 241 101 404
351 241 103 395
361 241 107 386
371 241 110 377
381 241 114 367
391 241 118 359
401 241 120 349
411 241 124 341
421 241 126 333
431 241 129 325
441 241 131 318
451 241 133 310
461 241 135 303
301 242 555 314
311 242 549 307
321 242 540 302
331 242 532 297
341 242 526 291
351 242 519 285
361 242 512 281
371 242 506 276
381 242 499 271
391 242 492 265
401 242 487 261
411 242 486 253
421 242 488 259
431 242 489 267
441 242 490 271
451 242 491 276
461 242 492 283
301 243 694 427
311 243 686 419
321 243 679 411
331 243 677 405
341 243 674 401
351 243 669 395
361 243 663 386
371 243 660 379
381 243 656 372
391 243 650 364
401 243 645 358
411 243 640 353
421 243 638 344
431 243 634 339
441 243 632 333
451 243 631 330
461 243 628 322
301 244 473 198
311 244 474 201
321 244 475 205
331 244 474 209
341 244 474 214
351 244 474 219
361 244 475 221
371 244 476 226
381 244 476 226
391 244 479 231
401 244 481 236
411 244 483 241
421 244 484 246
431 244 485 251
441 244 486 258
451 244 487 263
461 244 488 268
301 245 576 322
311 245 582 319
321 245 586 316
331 245 592 313
341 245 597 310
351 245 600 308
361 245 607 305
371 245 611 302
381 245 615 299
391 245 620 297
401 245 625 294
411 245 631 291
421 245 636 288
431 245 639 285
441 245 644 282
451 245 647 277
461 245 651 275
311 246 690 396
321 246 683 389
331 246 675 381
341 246 669 374
351 246 664 367
361 246 659 360
371 246 656 353
381 246 652 345
391 246 650 339
401 246 649 333
411 246 646 326
421 246 646 320
431 246 645 314
441 246 644 308
451 246 645 303
461 246 648 301
471 246 651 298
311 247 555 349
321 247 559 344
331 247 563 339
341 247 567 338
351 247 573 333
361 247 581 329
371 247 579 327
381 247 571 320
391 247 566 313
401 247 559 305
411 247 554 298
421 247 549 293
431 247 544 286
441 247 539 279
451 247 534 273
461 247 530 267
471 247 527 261
311 248 647 371
321 248 644 370
331 248 638 367
341 248 634 364
351 248 625 361
361 248 616 356
371 248 614 351
381 248 606 349
391 248 598 342
401 248 594 338
411 248 588 337
421 248 580 331
431 248 581 327
441 248 587 325
451 248 592 321
461 248 598 318
471 248 602 314
311 249 694 405
321 249 687 407
331 249 680 402
341 249 675 398
351 249 670 393
361 249 665 384
371 249 661 377
381 249 657 370
391 249 651 362
401 249 646 356
411 249 641 351
421 249 638 343
431 249 635 335
441 249 633 329
451 249 631 325
461 249 630 316
471 249 631 311
321 250 688 379
331 250 680 373
341 250 675 366
351 250 671 360
361 250 665 353
371 250 662 346
381 250 658 340
391 250 655 334
401 250 654 328
411 250 653 322
421 250 652 317
431 250 652 313
441 250 653 307
451 250 655 304
461 250 658 301
471 250 660 296
481 250 662 293
321 251 687 413
331 251 681 411
341 251 679 409
351 251 676 405
361 251 672 400
371 251 662 387
381 251 660 386
391 251 656 381
401 251 651 374
411 251 645 369
421 251 636 363
431 251 629 358
441 251 621 354
451 251 611 347
461 251 605 343
471 251 595 337
481 251 589 331
321 252 377 148
331 252 381 150
341 252 385 153
351 252 390 155
361 252 393 156
371 252 398 159
381 252 402 162
391 252 405 164
401 252 410 166
411 252 415 170
421 252 420 173
431 252 426 175
441 252 433 178
451 252 438 180
461 252 443 183
471 252 449 184
481 252 456 189
321 253 499 251
331 253 500 259
341 253 494 255
351 253 488 250
361 253 482 247
371 253 474 241
381 253 468 237
391 253 463 233
401 253 459 229
411 253 454 225
421 253 449 220
431 253 443 217
441 253 439 213
451 253 434 208
461 253 432 203
471 253 427 198
481 253 422 194
